name: potato
channels:
  - conda-forge
  - bioconda
  - defaults
dependencies:
  - blast=2.16.0=hb260f6e_5
  - bzip2=1.0.8=h99b78c6_7
  - c-ares=1.34.5=h5505292_0
  - ca-certificates=2025.4.26=hbd8a1cb_0
  - curl=8.13.0=h73640d1_0
  - entrez-direct=22.4=hd5f1084_0
  - gettext=0.24.1=h3dcc1bd_0
  - gettext-tools=0.24.1=h493aca8_0
  - gmp=6.3.0=h7bae524_2
  - gsl=2.7=h6e638da_0
  - hmmer=3.4=ha1750f9_4
  - kofamscan=1.3.0=hdfd78af_2
  - krb5=1.21.3=h237132a_0
  - libasprintf=0.24.1=h493aca8_0
  - libasprintf-devel=0.24.1=h493aca8_0
  - libblas=3.9.0=31_h10e41b3_openblas
  - libcblas=3.9.0=31_hb3479ef_openblas
  - libcurl=8.13.0=h73640d1_0
  - libcxx=20.1.4=ha82da77_1
  - libedit=3.1.20250104=pl5321hafb1f1b_0
  - libev=4.33=h93a5062_2
  - libexpat=2.7.0=h286801f_0
  - libffi=3.4.6=h1da3d7d_1
  - libgettextpo=0.24.1=h493aca8_0
  - libgettextpo-devel=0.24.1=h493aca8_0
  - libgfortran=14.2.0=heb5dd2a_105
  - libgfortran5=14.2.0=h2c44a93_105
  - libiconv=1.18=hfe07756_1
  - libidn2=2.3.8=h38aa460_0
  - libintl=0.24.1=h493aca8_0
  - libintl-devel=0.24.1=h493aca8_0
  - liblzma=5.8.1=h39f12f2_1
  - libnghttp2=1.64.0=h6d7220d_0
  - libopenblas=0.3.29=openmp_hf332438_0
  - libsqlite=3.49.2=h3f77e49_0
  - libssh2=1.11.1=h1590b86_0
  - libunistring=0.9.10=h3422bc3_0
  - libzlib=1.3.1=h8359307_2
  - llvm-openmp=20.1.4=hdb05f8b_0
  - mpi=1.0=openmpi
  - ncbi-vdb=3.2.1=h4675bf2_0
  - ncurses=6.5=h5e97a16_3
  - openmpi=4.1.6=h526c993_101
  - openssl=3.5.0=h81ee809_1
  - parallel=20250422=hce30654_0
  - perl=5.32.1=7_h4614cfb_perl5
  - perl-archive-tar=2.40=pl5321hdfd78af_0
  - perl-carp=1.50=pl5321hd8ed1ab_0
  - perl-common-sense=3.75=pl5321hd8ed1ab_0
  - perl-compress-raw-bzip2=2.201=pl5321h9337747_1
  - perl-compress-raw-zlib=2.202=pl5321hb76e6fb_0
  - perl-encode=3.21=pl5321h5505292_1
  - perl-exporter=5.74=pl5321hd8ed1ab_0
  - perl-exporter-tiny=1.002002=pl5321hd8ed1ab_0
  - perl-extutils-makemaker=7.70=pl5321hd8ed1ab_0
  - perl-io-compress=2.201=pl5321haef7865_5
  - perl-io-zlib=1.14=pl5321hdfd78af_0
  - perl-json=4.10=pl5321hdfd78af_1
  - perl-json-xs=4.03=pl5321h4675bf2_4
  - perl-list-moreutils=0.430=pl5321hdfd78af_0
  - perl-list-moreutils-xs=0.430=pl5321hbdacb55_5
  - perl-parent=0.243=pl5321hd8ed1ab_0
  - perl-pathtools=3.75=pl5321hc71e825_2
  - perl-scalar-list-utils=1.69=pl5321hc71e825_0
  - perl-storable=3.15=pl5321hc71e825_2
  - perl-types-serialiser=1.01=pl5321hdfd78af_0
  - pip=25.1.1=pyh8b19718_0
  - python=3.10.17=h6cefb37_0_cpython
  - readline=8.2=h1d1bf99_2
  - rpsbproc=0.5.0=hf8bb5b5_3
  - ruby=3.4.2=he7d92ad_0
  - setuptools=80.1.0=pyhff2d567_0
  - tk=8.6.13=h5083fa2_1
  - wget=1.21.4=he2df1f1_0
  - wheel=0.45.1=pyhd8ed1ab_1
  - yaml=0.2.5=h3422bc3_2
  - zlib=1.3.1=h8359307_2
  - zstd=1.5.7=h6491c7d_2
  - pip:
      - biopython==1.85
      - et-xmlfile==2.0.0
      - jakomics @ git+https://github.com/jeffkimbrel/jakomics.git@b10c9b4f9046d4a05db479807744e0f413133754
      - natsort==8.4.0
      - numpy==2.2.5
      - openpyxl==3.1.5
      - pandas==2.2.3
      - python-dateutil==2.9.0.post0
      - pytz==2025.2
      - pyyaml==6.0.2
      - six==1.17.0
      - tqdm==4.67.1
      - tzdata==2025.2


